赢彩通大乐透11081期预测：关注小数区域的连号
　　体彩大乐透11080期开奖结果05 12 30 31 32 + 01 03
　　大乐透第11081期预测推荐：
　　前区分析：
　　龙头：02 03
　　凤尾：29 34
　　奇偶分析：上期奇偶比为2:3，本期看好奇数再次发力，参考大乐透走势图，关注奇偶比3:2防2:3
　　大小分析：大小比上期开出3:2的比值，本期不看好大数继续走强，关注大小比2：3防全小组合。
　　和值分析：上期和值开出110点的中高位水平，本期预计和值有下降空间，关注和值区间79-101
　　连号：上期开出大连号30 31 32，近期连号出号极热，且都集中在大数区域，本期关注小数区域的连号，推荐10-11，06-07、18-19.
　　重号：上期上期开出两个重号30 31 ，本期看好重号05 12
　　后区分析：
　　上期后区开出全小、全奇、全质组合，跨度为2，本期关注后区常态组合，看好小大，奇偶，质合组合。
　　大乐透预测推荐号码：
　　前区：02 03 06 07 09 10 11 12 14 18 19 21 23 25 29 34
　　后区：04 09 10 12
　　精选单注：
　　14 18 21 28 32+09 12
　　11 12 20 21 25+09 10
　　09 18 20 23 28+09 10
　　07 14 20 25 30+04 09
　　07 10 11 14 32+04 10
　　05 12 20 23 30+04 12
　　05 11 20 28 30+09 12
　　05 09 25 28 32+04 12
　　05 09 20 25 32+10 12
　　05 07 11 14 18+10 12
　　本文为彩讯网特供稿件

