老谢双色球11114期分析：关注03 09蓝球
　　(数据版)
　　·奇偶比：主看3:3防4:2(继续关注)
　　·大小比：主看3:3防4:2(继续关注)
　　·大中小：大(2-3)中(2-3)小(1-3)(继续关注)
　　·012路：0路(1-3)1路(2-3)2路(1-3)(继续关注)
　　质数：关注2-4枚(继续关注)
　　和值：关注91-113继续关注
　　AC值：重点关注8 9(继续关注)
　　历史同期：
　　2004114 01 06 09 17 21 22 01
　　2005114 06 07 10 15 21 27 06
　　2006114 08 10 14 20 27 29 16
　　2007114 05 12 15 24 27 33 05
　　2008114 04 09 20 24 25 31 14
　　2009114 03 05 11 12 31 32 11
　　2010114 01 08 11 15 17 25 01
　　固定出号条件一：
　　·01 12 23=0-2
　　·13 24 03 14 25 04 15 26=0-4
　　·05 16 27 06 17 28 07 18 29 08 19 30 09 20 31=1-5
　　·10 21 32 11 22 33=0-3
　　·02 13 24 05 16 27 06 17 28=0-4
　　·04 15 26 08 19 30=0-3
　　·01 12 23 03 14 25 07 18 29=1-4
　　固定出号条件二：
　　01 10 30=0-2
　　20 21 31 02 12 13 22 03=1-4
　　23 32 33 05 04 24 25 14 15 07 16 06 17 26 27=1-4
　　19 08 18 29 28 09=0-3
　　11 20 21 23 32 33 05 04 24=1-3
　　13 22 03 07 16 06=0-3
　　01 10 30 31 02 12 25 14 15=1-3
　　程序推荐两注定位参考
　　07 09 16 22 25 31 12
　　06 09 15 22 25 31 11
　　使用提示：定位两注在实投时做参考，并在对应每位做正负3的范围选择这样会有更好的成绩
　　遗漏层：
　　0=06 10 11 25 32 33
　　1=03 05 16 18 23 24
　　2=01 2027   
　　3.4=09 12 14 15 21 26 28
　　5.6=02 04 17 2229   
　　>=10=07 08 13 19 30 31
　　老谢看号：
　　·除4余3=1-2;除5余1=1-2;除6余2=1-2;关注157尾；
　　·看好：04 05 07 11 13 16 17 25 29 31=2-4
　　精选定位分析：
　　第1位：04 05 07
　　第2位：07 11 13
　　第3位：16 17 21
　　第4位：21 22 25
　　第5位：25 26 27
　　第6位：29 31 32
　　蓝球分析：本期蓝球范围01 02 03 04 05 08 09的出现，重点03 09!
　　以上分析仅代表个人观点，内容仅供参考！
　　114期11个红球定位大底
　　第1位   01 02 03 04 05 06 07 08 0910 11
　　第2位   04 05 06 07 08 09 10 11 1213 14
　　第3位   10 11 12 13 14 15 16 17 1819 20
　　第4位   17 18 19 20 21 22 23 24 2526 27
　　第5位   20 21 22 23 24 25 26 27 2829 30
　　第6位   26 27 28 29 30 31 3233  
　　蓝 球   06 07 08 09 10 11 12 13 1415 16

