詹天佑福彩3D2011194期胆码4 和值推荐13 15
　　一、本人通过钟摆撞击来分析，上期开出奖号868,号码出球撞击力整体上走向稳定，出球钟摆波动力增强，本期百位力的落脚点会在1 4 7上停留，十位力的落脚点可能 会在3 5 8上停留，个位会在0 6 9上停留。
　　二、所以本期会出现的高机率号应是0134568
　　三、根据前面分析我们会得出以下注数： 130 136 139 150 156 159 180 186 189 430 436 439 450 456 459 480 486 489 730 736 739 750 756 759 780 786 789
　　四、精选码：436
　　五、本人分析这期的胆码为：4
　　六、精选号：130 156 159 436 480 739 756 789
　　七、上述分析结合本期的观察
　　和值范围：4-24
　　和值推荐： 13 15
　　[华彩网]全国福彩3D2011194期二码推荐
　　19 23 35 46 51 62 76 16 81 07
　　[华彩网]全国福彩3D2011194期三码推荐
　　189 263 635 460 561 624 796 162 813 907
　　华彩网特供稿件

