彩云追福双色球11033期条件：红球关注小号持热
　　[点击进入电话投注平台][免费注册 赢大奖][寻找高手合买]
　　友情提示：条件组如果出现0-1，则说明本期不太看好这组号中有球出现，五个条件组不出号的情况每期都会有变化，谨慎参考。各组条件仅供双色球爱好者参考研究。本条件独家供给新浪彩票频道，如有转载请注明出处。
　　11032期开出奖号：03 05 07 13 14 15+ 15
　　11032期条件对照：
　　9 10 21 22 33 条件0-1 重点10 33 条件对，未出
　　3 4 15 16 27 28 条件1-2 重点03 27 28 条件对。出03 15
　　1 12 13 24 25条件0-1 重点12 24 25 条件对，出13
　　6 7 18 19 30 31 条件1-2 重点06 30 31 条件对，出07
　　2 5 8 11 14 17 20 23 26 29 32 条件2-3 重点02 08 17 20 23 32 条件对，出05 14
　　本期蓝球条件看冷码蓝，蓝球大范围：01 02 03 05 14 15 16 重点01 02 03 条件对，出冷码15
　　条件组关键图表参考：[双色球基本走势][五行定位及走势][蓝球跨度走势]
　　 当期号码点评：红球三区比开出3:3:0，断区震荡，继上期一区断出后本期大号断出，下期可关注三区大号码小幅反弹，而一区仍有热出机会。本期同尾出3尾5尾，下期仍可关注有同尾；连码开出13 14 15，下期可关注断出连号。红球奇偶比开出5-1，下期关注3-3。冷热号码本期正常：开出3个冷码03 07 15。下期的冷码球共有06 08 11 12 18 21 22 23 26 27 30共11个，冷球关注开出0-2个。(再次提示，我们可以把红球五期以上未开出的号定为冷码，从历史数据看，绝大多数情况下，每期开出的冷码不会超过3个。)
　　蓝球点评：蓝球开出冷码15，下期仍关注冷码重出。
　　11033期条件组初步分析：
　　9 10 21 22 33 条件1-2 重点09 10 22
　　3 4 15 16 27 28 条件1-2 重点03 16 27
　　1 12 13 24 25条件0-1 重点13 25
　　6 7 18 19 30 31 条件0-2 重点06 19 30
　　2 5 8 11 14 17 20 23 26 29 32 条件1-3 重点02 05 17 20 29 32
　　本期蓝球条件看冷码蓝，蓝球大范围： 02 03 04 05 06 08 11 14 重点11 02 05
　　其他出号条件走势：
　　余012路比：上期2-2-2，本期看3-1-2；质合比：上期4-2，本期看1-5；三区比：上期3-3-0，本期看3-1-2。

